fmt_smaple4_qiita.py
を高速化のため書きかえたver

ModExp(self, a, b)をpow(a, b, self.MODP)に。ここでpowの引数は全てnp.uint32型をいったんint型に変換している
modinvをsympyのmod_inverseに



結果の速度比較(sec)
N	fmt_smaple4_qiita.py	fmt_smaple4_qiita_modifyModinv.py
1	0.002261877	0
2	0.002636433	0
3	0.005752802	0.001994848
4	0.011197567	0.002991915
5	0.016374826	0.008976698
6	0.03154707	0.018949032
7	0.081050873	0.044842482
8	0.188559294	0.101770163
9	0.445462227	0.231376886
10	1.047091961	0.520570755
11	2.431799173	1.149965048
12	5.611189127	2.532219648
13	12.7626946	5.600028515
14	28.89942575	12.20337415
15	64.90724063	25.93065357
16	145.8940177	56.06610918